Trial name	epochs	loss	max accuracy	test accuracy	val accuracy
train_model_raytune_47bb2_00000	9	5.51279	0.763411	0.76758	0.763411
train_model_raytune_47bb2_00001	9	5.72706	0.760916	0.767387	0.760916
train_model_raytune_47bb2_00002	19	5.14586	0.77694	0.78414	0.77694
train_model_raytune_47bb2_00003	19	5.12877	0.777046	0.784745	0.777046
train_model_raytune_47bb2_00004	19	5.06242	0.779126	0.787814	0.779126
train_model_raytune_47bb2_00005	19	5.14222	0.77699	0.787425	0.776733
train_model_raytune_47bb2_00006	19	5.11384	0.777063	0.785881	0.777063
train_model_raytune_47bb2_00007	9	5.37209	0.767508	0.775055	0.767508
train_model_raytune_47bb2_00008	9	5.53011	0.765868	0.773053	0.765868
train_model_raytune_47bb2_00009	9	5.64475	0.753131	0.757845	0.753131
train_model_raytune_47bb2_00010	9	5.389	0.766973	0.772164	0.766973
train_model_raytune_47bb2_00011	9	5.70838	0.752104	0.757535	0.752104
train_model_raytune_47bb2_00012	19	5.06008	0.781838	0.788971	0.781073
train_model_raytune_47bb2_00013	9	5.61439	0.757287	0.762073	0.757287
train_model_raytune_47bb2_00014	19	5.1274	0.778311	0.787739	0.778311
train_model_raytune_47bb2_00015	9	6.14347	0.731717	0.734027	0.731717
train_model_raytune_47bb2_00016	9	5.37497	0.767014	0.772428	0.767014
train_model_raytune_47bb2_00017	19	5.13207	0.780629	0.791097	0.780629
train_model_raytune_47bb2_00018	9	5.53843	0.766879	0.774186	0.766879
train_model_raytune_47bb2_00019	19	5.1713	0.77552	0.785239	0.77552
train_model_raytune_47bb2_00020	9	6.01815	0.741641	0.745745	0.741641
train_model_raytune_47bb2_00021	9	5.43969	0.765624	0.771306	0.765624
train_model_raytune_47bb2_00022	19	5.14314	0.775683	0.78656	0.775285
train_model_raytune_47bb2_00023	19	5.1719	0.780539	0.789691	0.779633
train_model_raytune_47bb2_00024	19	5.07502	0.780375	0.787598	0.780304
train_model_raytune_47bb2_00025	9	5.74368	0.750242	0.757073	0.750242
train_model_raytune_47bb2_00026	19	5.14846	0.777098	0.784121	0.777098
train_model_raytune_47bb2_00027	9	5.66001	0.753817	0.75801	0.753817
train_model_raytune_47bb2_00028	19	5.08862	0.780043	0.789482	0.780043
train_model_raytune_47bb2_00029	9	5.43371	0.766885	0.773144	0.766796
train_model_raytune_47bb2_00030	9	5.55962	0.762931	0.768524	0.762931
train_model_raytune_47bb2_00031	19	5.0452	0.780785	0.78888	0.780785
train_model_raytune_47bb2_00032	19	5.19076	0.775597	0.783043	0.775391
train_model_raytune_47bb2_00033	19	5.20396	0.776316	0.782851	0.776316
train_model_raytune_47bb2_00034	9	5.46397	0.762919	0.768862	0.762919
train_model_raytune_47bb2_00035	9	5.72075	0.749373	0.753727	0.749373
train_model_raytune_47bb2_00036	19	5.16476	0.777269	0.788314	0.776644
train_model_raytune_47bb2_00037	9	5.47775	0.765057	0.772315	0.765057
train_model_raytune_47bb2_00038	19	5.10927	0.777517	0.788764	0.777388
train_model_raytune_47bb2_00039	9	5.53131	0.761062	0.765156	0.761062
train_model_raytune_47bb2_00040	19	5.0175	0.78151	0.793708	0.78151
train_model_raytune_47bb2_00041	19	5.16056	0.775026	0.781751	0.775014
train_model_raytune_47bb2_00042	9	5.71197	0.753154	0.757738	0.753154
train_model_raytune_47bb2_00043	9	5.67566	0.759263	0.764076	0.759263
train_model_raytune_47bb2_00044	19	5.0974	0.777992	0.787836	0.777992
train_model_raytune_47bb2_00045	9	5.68726	0.753563	0.758179	0.753563
train_model_raytune_47bb2_00046	9	5.46861	0.763586	0.769984	0.763586
train_model_raytune_47bb2_00047	9	5.48162	0.762233	0.767916	0.762233
train_model_raytune_47bb2_00048	9	5.41017	0.76452	0.772153	0.76452
train_model_raytune_47bb2_00049	9	5.48167	0.761399	0.765317	0.761399
train_model_raytune_47bb2_00050	9	5.78761	0.751595	0.754717	0.751595
train_model_raytune_47bb2_00051	9	5.49773	0.760705	0.766551	0.760705
train_model_raytune_47bb2_00052	9	5.38809	0.766041	0.771727	0.766041
train_model_raytune_47bb2_00053	9	5.82622	0.750036	0.75271	0.750036
train_model_raytune_47bb2_00054	19	5.05005	0.780796	0.791934	0.780796
train_model_raytune_47bb2_00055	9	5.58882	0.755811	0.764027	0.755811
train_model_raytune_47bb2_00056	9	5.83584	0.759019	0.764061	0.759019
train_model_raytune_47bb2_00057	9	5.55551	0.759453	0.766396	0.759453
train_model_raytune_47bb2_00058	9	5.68099	0.758894	0.764906	0.758894
train_model_raytune_47bb2_00059	19	4.98529	0.783874	0.797654	0.783843
train_model_raytune_47bb2_00060	9	5.47027	0.762481	0.767329	0.762481
train_model_raytune_47bb2_00061	9	5.70647	0.751324	0.755926	0.751324
train_model_raytune_47bb2_00062	19	5.25195	0.772594	0.780787	0.772594
train_model_raytune_47bb2_00063	9	5.63663	0.757821	0.765912	0.757821
train_model_raytune_47bb2_00064	19	5.14994	0.77775	0.782717	0.77775
train_model_raytune_47bb2_00065	19	5.19142	0.774968	0.787967	0.774143
train_model_raytune_47bb2_00066	9	5.46634	0.763882	0.770641	0.763882
train_model_raytune_47bb2_00067	19	5.11512	0.77799	0.787545	0.77799
train_model_raytune_47bb2_00068	19	5.12671	0.777896	0.786517	0.777411
train_model_raytune_47bb2_00069	9	5.42031	0.764722	0.768795	0.764722
train_model_raytune_47bb2_00070	19	4.93342	0.787982	0.799617	0.787982
train_model_raytune_47bb2_00071	19	5.15569	0.775989	0.787386	0.775989
train_model_raytune_47bb2_00072	9	5.46834	0.76557	0.769969	0.76557
train_model_raytune_47bb2_00073	9	5.6248	0.753315	0.756084	0.753315
train_model_raytune_47bb2_00074	19	5.14719	0.777728	0.785153	0.777728
train_model_raytune_47bb2_00075	19	5.0861	0.778659	0.786205	0.778509
train_model_raytune_47bb2_00076	9	5.84621	0.74811	0.750099	0.74811
train_model_raytune_47bb2_00077	19	5.13166	0.779487	0.788954	0.779487
train_model_raytune_47bb2_00078	9	5.9971	0.736999	0.74164	0.736999
train_model_raytune_47bb2_00079	9	5.62996	0.754496	0.760379	0.754496
train_model_raytune_47bb2_00080	9	5.5029	0.764605	0.770992	0.764605
train_model_raytune_47bb2_00081	9	5.46178	0.762892	0.768473	0.762892
train_model_raytune_47bb2_00082	9	5.62175	0.756974	0.761703	0.756974
train_model_raytune_47bb2_00083	9	5.63283	0.755705	0.761294	0.755705
train_model_raytune_47bb2_00084	9	5.70209	0.762942	0.767035	0.762942
train_model_raytune_47bb2_00085	9	5.81857	0.747299	0.753556	0.747299
train_model_raytune_47bb2_00086	9	5.58302	0.759603	0.763623	0.759603
train_model_raytune_47bb2_00087	9	5.63034	0.754125	0.759593	0.754125
train_model_raytune_47bb2_00088	9	5.90118	0.740557	0.746248	0.740557
train_model_raytune_47bb2_00089	9	5.75649	0.750659	0.754625	0.750659
train_model_raytune_47bb2_00090	19	4.97462	0.7859	0.796293	0.7859
train_model_raytune_47bb2_00091	9	5.51259	0.75816	0.768494	0.756981
train_model_raytune_47bb2_00092	19	5.07498	0.779328	0.791669	0.778945
train_model_raytune_47bb2_00093	9	5.53818	0.758975	0.763072	0.758975
train_model_raytune_47bb2_00094	9	5.43582	0.763192	0.770388	0.763192
train_model_raytune_47bb2_00095	9	5.42716	0.764215	0.767576	0.764215
train_model_raytune_47bb2_00096	19	5.17908	0.775664	0.781851	0.775664
train_model_raytune_47bb2_00097	9	5.44701	0.764501	0.771433	0.764501
train_model_raytune_47bb2_00098	9	5.82936	0.746093	0.752266	0.74609
train_model_raytune_47bb2_00099	19	5.06492	0.781233	0.794512	0.781233
train_model_raytune_47bb2_00100	19	5.19314	0.774013	0.785825	0.773751
train_model_raytune_47bb2_00101	19	5.28299	0.771312	0.778638	0.771312
train_model_raytune_47bb2_00102	9	5.64186	0.764036	0.768697	0.764036
train_model_raytune_47bb2_00103	19	5.15152	0.777171	0.786619	0.777171
train_model_raytune_47bb2_00104	9	5.44274	0.763459	0.77063	0.763459
train_model_raytune_47bb2_00105	19	5.14229	0.779178	0.789475	0.779011
train_model_raytune_47bb2_00106	19	5.17651	0.778353	0.786293	0.778353
train_model_raytune_47bb2_00107	19	5.04414	0.781679	0.791258	0.781679
train_model_raytune_47bb2_00108	9	5.47452	0.762606	0.765982	0.762606
train_model_raytune_47bb2_00109	9	5.90638	0.752656	0.758006	0.752656
train_model_raytune_47bb2_00110	9	5.48729	0.764369	0.767364	0.764369
train_model_raytune_47bb2_00111	9	5.61211	0.753798	0.758886	0.753798
train_model_raytune_47bb2_00112	9	5.88924	0.745526	0.754056	0.745526
train_model_raytune_47bb2_00113	9	5.61824	0.761893	0.766757	0.761893
train_model_raytune_47bb2_00114	9	5.73651	0.748919	0.750029	0.748919
train_model_raytune_47bb2_00115	9	5.43345	0.763792	0.768223	0.763792
train_model_raytune_47bb2_00116	19	5.25538	0.771546	0.778778	0.771093
train_model_raytune_47bb2_00117	19	5.10529	0.77819	0.786145	0.77819
train_model_raytune_47bb2_00118	9	5.96266	0.752702	0.757477	0.752702
train_model_raytune_47bb2_00119	19	5.16212	0.77517	0.781294	0.77517
train_model_raytune_47bb2_00120	19	5.07861	0.780487	0.787785	0.780487
train_model_raytune_47bb2_00121	9	5.64828	0.755372	0.760008	0.755372
train_model_raytune_47bb2_00122	19	5.11079	0.777717	0.784947	0.777717
train_model_raytune_47bb2_00123	19	5.16893	0.775725	0.785051	0.775585
train_model_raytune_47bb2_00124	19	5.14294	0.774735	0.788584	0.774735
train_model_raytune_47bb2_00125	19	5.13883	0.777213	0.78307	0.777213
train_model_raytune_47bb2_00126	9	5.66954	0.753052	0.756188	0.753052
train_model_raytune_47bb2_00127	9	6.00656	0.754911	0.76062	0.754911
train_model_raytune_47bb2_00128	9	7.05262	0.697815	0.687039	0.697815
train_model_raytune_47bb2_00129	19	5.04456	0.781219	0.791699	0.781219
train_model_raytune_47bb2_00130	19	5.10455	0.779176	0.788691	0.778847
train_model_raytune_47bb2_00131	19	5.14647	0.77651	0.785311	0.77651
train_model_raytune_47bb2_00132	19	5.21154	0.773551	0.781522	0.773284
train_model_raytune_47bb2_00133	9	5.71241	0.758027	0.761948	0.758027
train_model_raytune_47bb2_00134	9	5.68054	0.764011	0.768945	0.764011
train_model_raytune_47bb2_00135	19	5.15359	0.777705	0.785096	0.777705
train_model_raytune_47bb2_00136	19	5.18874	0.776442	0.782468	0.776442
train_model_raytune_47bb2_00137	19	5.16207	0.775376	0.784198	0.775022
train_model_raytune_47bb2_00138	9	5.65042	0.757064	0.763312	0.757064
train_model_raytune_47bb2_00139	9	5.64107	0.752827	0.758091	0.752827
train_model_raytune_47bb2_00140	9	5.87701	0.744442	0.749021	0.744442
train_model_raytune_47bb2_00141	19	5.06732	0.785485	0.796873	0.784295
train_model_raytune_47bb2_00142	19	5.08237	0.778363	0.787442	0.778363
train_model_raytune_47bb2_00143	9	5.54397	0.759586	0.768096	0.759517
train_model_raytune_47bb2_00144	9	5.48283	0.761014	0.765366	0.761014
train_model_raytune_47bb2_00145	9	5.76831	0.749934	0.754882	0.749934
train_model_raytune_47bb2_00146	19	5.15737	0.774989	0.782444	0.774989
train_model_raytune_47bb2_00147	9	5.59628	0.755067	0.76064	0.755067
train_model_raytune_47bb2_00148	9	5.89445	0.744012	0.749481	0.744012
train_model_raytune_47bb2_00149	19	5.13455	0.780752	0.794008	0.780752
train_model_raytune_47bb2_00150	19	5.10457	0.779247	0.787244	0.778832
train_model_raytune_47bb2_00151	9	5.51357	0.760338	0.766107	0.760338
train_model_raytune_47bb2_00152	9	5.41807	0.76374	0.77072	0.76374
train_model_raytune_47bb2_00153	19	5.18306	0.77488	0.780971	0.774587
train_model_raytune_47bb2_00154	9	5.68827	0.753531	0.758387	0.753531
train_model_raytune_47bb2_00155	9	5.82532	0.748389	0.758178	0.748389
train_model_raytune_47bb2_00156	19	5.21095	0.773125	0.779588	0.772325
train_model_raytune_47bb2_00157	9	5.75799	0.75133	0.754344	0.75133
train_model_raytune_47bb2_00158	9	5.85328	0.761287	0.765884	0.761287
train_model_raytune_47bb2_00159	9	5.51393	0.75874	0.766853	0.75874
train_model_raytune_47bb2_00160	9	5.57194	0.761918	0.765937	0.761918
train_model_raytune_47bb2_00161	9	5.78108	0.749434	0.752808	0.749434
train_model_raytune_47bb2_00162	9	5.58412	0.755641	0.760939	0.755641
train_model_raytune_47bb2_00163	9	5.61345	0.759774	0.762941	0.759774
train_model_raytune_47bb2_00164	9	5.69786	0.753046	0.755823	0.753046
train_model_raytune_47bb2_00165	9	6.1263	0.763313	0.767668	0.763313
train_model_raytune_47bb2_00166	9	5.66249	0.755501	0.760646	0.755501
train_model_raytune_47bb2_00167	19	5.05909	0.781175	0.794173	0.781175
train_model_raytune_47bb2_00168	9	6.04967	0.759105	0.765487	0.759105
train_model_raytune_47bb2_00169	19	5.23091	0.773215	0.781641	0.773215
train_model_raytune_47bb2_00170	9	5.46739	0.761468	0.769658	0.761468
train_model_raytune_47bb2_00171	19	5.19585	0.773474	0.782072	0.773315
train_model_raytune_47bb2_00172	19	5.09033	0.781098	0.794631	0.780641
train_model_raytune_47bb2_00173	19	5.05496	0.781604	0.791986	0.781604
train_model_raytune_47bb2_00174	9	5.56411	0.757585	0.760367	0.757585
train_model_raytune_47bb2_00175	9	5.74467	0.751043	0.755596	0.751043
train_model_raytune_47bb2_00176	9	5.67452	0.753836	0.757968	0.753836
train_model_raytune_47bb2_00177	19	5.16846	0.776546	0.781757	0.776546
train_model_raytune_47bb2_00178	19	5.02003	0.780627	0.787648	0.780627
train_model_raytune_47bb2_00179	19	5.17327	0.775479	0.787739	0.775479
train_model_raytune_47bb2_00180	19	5.14515	0.77565	0.781527	0.77565
train_model_raytune_47bb2_00181	19	5.07381	0.78159	0.794627	0.78159
train_model_raytune_47bb2_00182	19	5.23844	0.77457	0.786191	0.774057
train_model_raytune_47bb2_00183	19	5.15512	0.77645	0.787624	0.77645
train_model_raytune_47bb2_00184	9	5.73842	0.75152	0.756693	0.75152
train_model_raytune_47bb2_00185	19	4.98543	0.784387	0.79383	0.784387
train_model_raytune_47bb2_00186	19	5.02544	0.782002	0.7952	0.781711
train_model_raytune_47bb2_00187	19	5.13144	0.776577	0.782521	0.776577
train_model_raytune_47bb2_00188	19	5.15301	0.775958	0.781389	0.775958
train_model_raytune_47bb2_00189	19	5.12283	0.777215	0.786541	0.777086
train_model_raytune_47bb2_00190	19	5.04542	0.780562	0.789802	0.780562
train_model_raytune_47bb2_00191	19	5.18769	0.775739	0.783121	0.774837
train_model_raytune_47bb2_00192	19	5.1183	0.777311	0.783767	0.777311
train_model_raytune_47bb2_00193	9	5.62791	0.754715	0.761943	0.754715
train_model_raytune_47bb2_00194	9	5.65877	0.760018	0.76452	0.760018
train_model_raytune_47bb2_00195	9	5.6022	0.757081	0.76386	0.757081
train_model_raytune_47bb2_00196	19	5.07247	0.781208	0.788725	0.780904
train_model_raytune_47bb2_00197	19	5.08625	0.779176	0.788294	0.779176
train_model_raytune_47bb2_00198	19	5.14016	0.778107	0.786516	0.778107
train_model_raytune_47bb2_00199	9	5.89151	0.7543	0.758822	0.7543
train_model_raytune_47bb2_00200	9	5.52487	0.761547	0.764227	0.761547
train_model_raytune_47bb2_00201	19	5.27034	0.772579	0.784907	0.771996
train_model_raytune_47bb2_00202	19	5.08237	0.779608	0.793639	0.779391
train_model_raytune_47bb2_00203	9	5.48695	0.760793	0.763101	0.760793
train_model_raytune_47bb2_00204	9	5.78071	0.755376	0.76098	0.755376
train_model_raytune_47bb2_00205	19	5.14632	0.776033	0.782571	0.776033
train_model_raytune_47bb2_00206	9	5.82228	0.750009	0.756931	0.750009
train_model_raytune_47bb2_00207	9	5.47996	0.760899	0.768237	0.760899
train_model_raytune_47bb2_00208	19	5.19053	0.773399	0.781527	0.773399
train_model_raytune_47bb2_00209	9	5.82713	0.747314	0.751176	0.747314
train_model_raytune_47bb2_00210	9	5.71461	0.754963	0.759502	0.754963
train_model_raytune_47bb2_00211	9	5.68491	0.75262	0.75543	0.75262
train_model_raytune_47bb2_00212	19	5.17482	0.776427	0.790043	0.776427
train_model_raytune_47bb2_00213	9	5.62414	0.755611	0.760093	0.755611
train_model_raytune_47bb2_00214	19	5.08859	0.778088	0.78831	0.778088
train_model_raytune_47bb2_00215	9	5.4288	0.764138	0.767901	0.764138
train_model_raytune_47bb2_00216	9	5.4614	0.762902	0.769359	0.762902
train_model_raytune_47bb2_00217	9	5.68817	0.751651	0.756862	0.751651
train_model_raytune_47bb2_00218	19	5.12767	0.77753	0.785706	0.77753
train_model_raytune_47bb2_00219	19	5.03244	0.782478	0.79478	0.782478
train_model_raytune_47bb2_00220	9	5.69085	0.75705	0.763439	0.75705
train_model_raytune_47bb2_00221	9	11.8788	0.441708	0.443959	0.441708
train_model_raytune_47bb2_00222	9	5.62603	0.755465	0.758347	0.755465
train_model_raytune_47bb2_00223	19	5.05702	0.78026	0.787219	0.78026
train_model_raytune_47bb2_00224	19	5.19495	0.774222	0.781192	0.774222
train_model_raytune_47bb2_00225	19	5.21213	0.775522	0.785745	0.775522
train_model_raytune_47bb2_00226	9	5.41974	0.762927	0.7662	0.762927
train_model_raytune_47bb2_00227	19	5.17791	0.775135	0.783326	0.775135
train_model_raytune_47bb2_00228	9	5.58747	0.756852	0.759714	0.756852
train_model_raytune_47bb2_00229	19	5.1125	0.778953	0.787957	0.778953
train_model_raytune_47bb2_00230	9	5.68302	0.751236	0.755819	0.751236
train_model_raytune_47bb2_00231	9	5.46917	0.760853	0.766195	0.760853
train_model_raytune_47bb2_00232	19	5.1888	0.774349	0.781199	0.774349
train_model_raytune_47bb2_00233	19	5.14292	0.776419	0.781214	0.776419
train_model_raytune_47bb2_00234	9	5.46495	0.762279	0.767732	0.762279
train_model_raytune_47bb2_00235	9	5.53475	0.760655	0.76986	0.760655
train_model_raytune_47bb2_00236	9	5.46411	0.763482	0.767626	0.763482
train_model_raytune_47bb2_00237	9	12.334	0.440408	0.441984	0.440408
train_model_raytune_47bb2_00238	19	5.24677	0.773467	0.78188	0.773467
train_model_raytune_47bb2_00239	19	5.08139	0.779801	0.792635	0.779145
train_model_raytune_47bb2_00240	19	5.2292	0.771477	0.778544	0.771477
train_model_raytune_47bb2_00241	9	6.7024	0.746268	0.751106	0.746268
train_model_raytune_47bb2_00242	19	5.04716	0.781763	0.78936	0.781763
train_model_raytune_47bb2_00243	9	5.50602	0.763313	0.767859	0.763313
train_model_raytune_47bb2_00244	9	5.46773	0.762581	0.769249	0.762581
train_model_raytune_47bb2_00245	19	5.18833	0.775812	0.783064	0.775812
train_model_raytune_47bb2_00246	19	5.08326	0.778049	0.786847	0.778049
train_model_raytune_47bb2_00247	9	5.60435	0.759982	0.764015	0.759982
train_model_raytune_47bb2_00248	19	5.01922	0.782563	0.79134	0.782563
train_model_raytune_47bb2_00249	9	5.53539	0.759524	0.765861	0.759524
train_model_raytune_47bb2_00250	19	5.04589	0.780179	0.789011	0.780102
train_model_raytune_47bb2_00251	9	5.69516	0.753942	0.758867	0.753942
train_model_raytune_47bb2_00252	9	5.51929	0.762785	0.766795	0.762785
train_model_raytune_47bb2_00253	9	5.45905	0.761295	0.765369	0.761295
train_model_raytune_47bb2_00254	9	5.52876	0.760837	0.763062	0.760837
train_model_raytune_47bb2_00255	19	5.17143	0.776043	0.785114	0.776043
train_model_raytune_47bb2_00256	19	5.13765	0.777188	0.789154	0.777188
train_model_raytune_47bb2_00257	9	5.58275	0.760903	0.768041	0.760903
train_model_raytune_47bb2_00258	19	5.20616	0.77412	0.779851	0.77412
train_model_raytune_47bb2_00259	9	5.47998	0.761585	0.765996	0.761585
train_model_raytune_47bb2_00260	19	5.04152	0.780912	0.793358	0.780733
train_model_raytune_47bb2_00261	19	5.20477	0.774441	0.783292	0.773774
train_model_raytune_47bb2_00262	19	5.10533	0.780183	0.790062	0.779781
train_model_raytune_47bb2_00263	9	5.56745	0.758354	0.762501	0.758354
train_model_raytune_47bb2_00264	9	5.49152	0.762506	0.769198	0.762506
train_model_raytune_47bb2_00265	9	5.45176	0.762266	0.768553	0.762266
train_model_raytune_47bb2_00266	9	5.68563	0.759496	0.764736	0.759496
train_model_raytune_47bb2_00267	19	4.99642	0.783226	0.795002	0.782874
train_model_raytune_47bb2_00268	9	5.43842	0.762154	0.769698	0.762154
train_model_raytune_47bb2_00269	19	5.07017	0.781721	0.793306	0.781721
train_model_raytune_47bb2_00270	19	5.15556	0.778232	0.785542	0.778232
train_model_raytune_47bb2_00271	9	5.55983	0.762487	0.766673	0.762487
train_model_raytune_47bb2_00272	19	5.1416	0.775443	0.781609	0.775443
train_model_raytune_47bb2_00273	9	7.9789	0.615213	0.621131	0.615213
train_model_raytune_47bb2_00274	9	5.5685	0.756072	0.762089	0.756072
train_model_raytune_47bb2_00275	9	5.71598	0.751176	0.757861	0.751176
train_model_raytune_47bb2_00276	9	5.52768	0.760828	0.767872	0.760828
train_model_raytune_47bb2_00277	19	5.21503	0.772617	0.781392	0.772377
train_model_raytune_47bb2_00278	9	5.41126	0.763946	0.768199	0.763946
train_model_raytune_47bb2_00279	9	5.54522	0.758135	0.763503	0.758135
train_model_raytune_47bb2_00280	19	5.13804	0.777434	0.782814	0.777434
train_model_raytune_47bb2_00281	19	5.13021	0.779095	0.790184	0.779055
train_model_raytune_47bb2_00282	9	5.58442	0.758871	0.762571	0.758871
train_model_raytune_47bb2_00283	9	5.88245	0.742287	0.748176	0.742287
train_model_raytune_47bb2_00284	19	5.23557	0.775393	0.783149	0.775393
train_model_raytune_47bb2_00285	9	5.60747	0.759388	0.765538	0.759388
train_model_raytune_47bb2_00286	9	5.78842	0.7497	0.753516	0.7497
train_model_raytune_47bb2_00287	9	5.72989	0.750549	0.758085	0.750549
train_model_raytune_47bb2_00288	19	5.05401	0.781237	0.790203	0.781237
train_model_raytune_47bb2_00289	9	5.4955	0.763971	0.770083	0.763971
train_model_raytune_47bb2_00290	9	5.70094	0.75959	0.766026	0.75959
train_model_raytune_47bb2_00291	9	5.71572	0.756568	0.762411	0.756568
train_model_raytune_47bb2_00292	19	5.23842	0.771785	0.778787	0.77122
train_model_raytune_47bb2_00293	9	5.61009	0.754646	0.757241	0.754646
train_model_raytune_47bb2_00294	19	5.17869	0.775804	0.783637	0.775739
train_model_raytune_47bb2_00295	19	5.16793	0.776223	0.782281	0.776223
train_model_raytune_47bb2_00296	19	5.09652	0.777888	0.791328	0.777798
train_model_raytune_47bb2_00297	9	5.57345	0.757823	0.763317	0.757823
train_model_raytune_47bb2_00298	9	5.59374	0.761599	0.765041	0.761599
train_model_raytune_47bb2_00299	19	5.05506	0.780447	0.787368	0.780447
train_model_raytune_47bb2_00300	9	5.59702	0.75692	0.761767	0.75692
train_model_raytune_47bb2_00301	9	5.44774	0.761937	0.768675	0.761937
train_model_raytune_47bb2_00302	9	5.68711	0.758381	0.762373	0.758381
train_model_raytune_47bb2_00303	9	5.42157	0.763836	0.768362	0.763836
train_model_raytune_47bb2_00304	9	5.5149	0.758898	0.762031	0.758898
train_model_raytune_47bb2_00305	9	5.82682	0.752798	0.759647	0.752798
train_model_raytune_47bb2_00306	9	5.51396	0.763252	0.768119	0.763252
train_model_raytune_47bb2_00307	9	5.51299	0.760678	0.767949	0.760678
train_model_raytune_47bb2_00308	9	5.54857	0.762098	0.765718	0.762098
train_model_raytune_47bb2_00309	19	5.05158	0.780206	0.788157	0.780206
train_model_raytune_47bb2_00310	9	5.84037	0.753613	0.758706	0.753613
train_model_raytune_47bb2_00311	19	5.25256	0.773588	0.783614	0.771081
train_model_raytune_47bb2_00312	9	5.47881	0.760659	0.764698	0.760659
train_model_raytune_47bb2_00313	9	5.46626	0.761772	0.766409	0.761772
train_model_raytune_47bb2_00314	9	5.48578	0.760814	0.766065	0.760814
train_model_raytune_47bb2_00315	9	5.43403	0.762539	0.771346	0.762539
train_model_raytune_47bb2_00316	19	5.1905	0.773776	0.783092	0.773511
train_model_raytune_47bb2_00317	9	5.73378	0.750599	0.754279	0.750599
train_model_raytune_47bb2_00318	9	5.60859	0.754992	0.759807	0.754992
train_model_raytune_47bb2_00319	19	5.10861	0.778524	0.788548	0.778524
train_model_raytune_47bb2_00320	9	5.67528	0.753302	0.758362	0.753302
train_model_raytune_47bb2_00321	9	5.71091	0.751166	0.754371	0.751166
train_model_raytune_47bb2_00322	9	5.81532	0.750353	0.754464	0.750353
train_model_raytune_47bb2_00323	9	5.562	0.759832	0.764287	0.759832
train_model_raytune_47bb2_00324	9	5.87873	0.745117	0.754415	0.745117
train_model_raytune_47bb2_00325	9	5.63557	0.755463	0.762308	0.755463
train_model_raytune_47bb2_00326	9	5.69033	0.752587	0.756903	0.752587
train_model_raytune_47bb2_00327	9	5.54977	0.758848	0.765831	0.758848
train_model_raytune_47bb2_00328	9	5.50715	0.760338	0.762857	0.760338
train_model_raytune_47bb2_00329	9	5.62547	0.759052	0.766684	0.759052
train_model_raytune_47bb2_00330	9	5.6022	0.755324	0.762415	0.755324
train_model_raytune_47bb2_00331	19	5.1345	0.776308	0.781871	0.776308
train_model_raytune_47bb2_00332	9	5.52595	0.759649	0.767153	0.759649
train_model_raytune_47bb2_00333	19	5.17982	0.776531	0.788377	0.776304
train_model_raytune_47bb2_00334	19	5.124	0.777463	0.784146	0.777463
train_model_raytune_47bb2_00335	19	5.23704	0.772467	0.780266	0.772467
train_model_raytune_47bb2_00336	19	5.20704	0.773278	0.782598	0.773134
train_model_raytune_47bb2_00337	9	5.63297	0.755624	0.760317	0.755624
train_model_raytune_47bb2_00338	9	5.60756	0.755151	0.760835	0.755151
train_model_raytune_47bb2_00339	9	5.77353	0.751703	0.755856	0.751703
train_model_raytune_47bb2_00340	19	5.17214	0.778344	0.789328	0.775775
train_model_raytune_47bb2_00341	19	5.06386	0.779499	0.789814	0.779499
train_model_raytune_47bb2_00342	9	5.58823	0.757529	0.763089	0.757529
train_model_raytune_47bb2_00343	19	5.08697	0.77857	0.784372	0.77857
train_model_raytune_47bb2_00344	9	5.87491	0.758869	0.761733	0.758869
train_model_raytune_47bb2_00345	9	5.96653	0.751501	0.756535	0.751501
train_model_raytune_47bb2_00346	9	5.63636	0.757016	0.761768	0.757016
train_model_raytune_47bb2_00347	19	5.21663	0.773942	0.78607	0.773942
train_model_raytune_47bb2_00348	9	5.85168	0.746378	0.753204	0.746378
train_model_raytune_47bb2_00349	9	5.48842	0.761291	0.765731	0.761291
train_model_raytune_47bb2_00350	9	5.75011	0.750392	0.753591	0.750392
train_model_raytune_47bb2_00351	9	5.46743	0.762494	0.765847	0.762494
train_model_raytune_47bb2_00352	9	5.59773	0.756628	0.762369	0.756628
train_model_raytune_47bb2_00353	9	5.63077	0.754498	0.75907	0.753613
train_model_raytune_47bb2_00354	9	5.87264	0.74336	0.747011	0.74336
train_model_raytune_47bb2_00355	19	5.29244	0.771139	0.778473	0.771027
train_model_raytune_47bb2_00356	19	5.12375	0.777882	0.783408	0.777882
train_model_raytune_47bb2_00357	9	5.81347	0.744292	0.747648	0.744292
train_model_raytune_47bb2_00358	19	5.11298	0.778528	0.789269	0.777942
train_model_raytune_47bb2_00359	9	5.63782	0.755328	0.759494	0.755328
train_model_raytune_47bb2_00360	19	5.11323	0.776858	0.78602	0.776858
train_model_raytune_47bb2_00361	9	5.59902	0.758477	0.765536	0.758477
train_model_raytune_47bb2_00362	19	5.08932	0.779653	0.791753	0.779653
train_model_raytune_47bb2_00363	9	5.6183	0.756355	0.760675	0.756355
train_model_raytune_47bb2_00364	19	5.25296	0.774528	0.783596	0.774528
train_model_raytune_47bb2_00365	9	5.53322	0.762291	0.76972	0.762291
train_model_raytune_47bb2_00366	19	5.13574	0.776754	0.784294	0.776754
train_model_raytune_47bb2_00367	9	5.78184	0.754394	0.759083	0.754394
train_model_raytune_47bb2_00368	19	5.12009	0.775902	0.782919	0.775902
train_model_raytune_47bb2_00369	9	5.65357	0.754344	0.759144	0.754344
train_model_raytune_47bb2_00370	9	5.47859	0.762025	0.767863	0.762025
train_model_raytune_47bb2_00371	19	5.21628	0.773895	0.784694	0.773359
train_model_raytune_47bb2_00372	19	5.11965	0.778495	0.788445	0.778367
train_model_raytune_47bb2_00373	19	5.14407	0.775097	0.784315	0.775097
train_model_raytune_47bb2_00374	9	5.47947	0.76156	0.768731	0.76156
train_model_raytune_47bb2_00375	9	5.46392	0.762514	0.768165	0.762514
train_model_raytune_47bb2_00376	19	5.04581	0.781419	0.790836	0.781121
train_model_raytune_47bb2_00377	9	5.58767	0.759555	0.765793	0.759555
train_model_raytune_47bb2_00378	19	5.15048	0.776389	0.785594	0.776246
train_model_raytune_47bb2_00379	9	5.48645	0.763148	0.769038	0.763148
train_model_raytune_47bb2_00380	19	5.08937	0.779212	0.791219	0.779212
train_model_raytune_47bb2_00381	19	4.97821	0.786113	0.793767	0.786113
train_model_raytune_47bb2_00382	9	5.71824	0.751378	0.757271	0.751378
train_model_raytune_47bb2_00383	9	5.87002	0.745355	0.750573	0.745355
train_model_raytune_47bb2_00384	19	5.18292	0.773978	0.781999	0.773978
train_model_raytune_47bb2_00385	19	5.1389	0.775383	0.789196	0.775264
train_model_raytune_47bb2_00386	9	5.5614	0.757339	0.763614	0.757339
train_model_raytune_47bb2_00387	19	5.21691	0.772381	0.782941	0.772381
train_model_raytune_47bb2_00388	19	5.27496	0.77328	0.780768	0.77328
train_model_raytune_47bb2_00389	19	5.05457	0.779462	0.788746	0.779462
train_model_raytune_47bb2_00390	9	5.62199	0.756324	0.763578	0.756324
train_model_raytune_47bb2_00391	19	5.19918	0.777479	0.787602	0.777129
train_model_raytune_47bb2_00392	9	5.56393	0.760524	0.765293	0.760524
train_model_raytune_47bb2_00393	19	5.27384	0.774684	0.78818	0.774684
train_model_raytune_47bb2_00394	9	5.52954	0.75939	0.764462	0.75939
train_model_raytune_47bb2_00395	9	5.48849	0.763042	0.768769	0.763042
train_model_raytune_47bb2_00396	9	5.42766	0.761827	0.766607	0.761827
train_model_raytune_47bb2_00397	19	5.10783	0.77788	0.783039	0.77788
train_model_raytune_47bb2_00398	9	5.78918	0.758442	0.76211	0.758442
train_model_raytune_47bb2_00399	9	11.9685	0.441844	0.444069	0.441844
train_model_raytune_47bb2_00400	19	5.09636	0.78002	0.792245	0.77854
train_model_raytune_47bb2_00401	9	5.52757	0.759019	0.765211	0.759019
train_model_raytune_47bb2_00402	19	5.12215	0.779749	0.788247	0.779749
train_model_raytune_47bb2_00403	9	5.599	0.756568	0.76045	0.756568
train_model_raytune_47bb2_00404	19	5.20081	0.775654	0.780802	0.774882
train_model_raytune_47bb2_00405	19	5.20198	0.775295	0.78334	0.773915
train_model_raytune_47bb2_00406	19	5.17396	0.775114	0.786191	0.775114
train_model_raytune_47bb2_00407	19	5.10809	0.777892	0.783742	0.777848
train_model_raytune_47bb2_00408	9	5.52223	0.759832	0.765994	0.759832
train_model_raytune_47bb2_00409	19	5.1037	0.779799	0.792693	0.779799
train_model_raytune_47bb2_00410	9	5.68158	0.754152	0.760155	0.754152
train_model_raytune_47bb2_00411	19	5.39069	0.77037	0.778456	0.770005
train_model_raytune_47bb2_00412	19	5.1579	0.776052	0.786641	0.776052
train_model_raytune_47bb2_00413	19	5.14218	0.77685	0.783255	0.77685
train_model_raytune_47bb2_00414	9	5.82524	0.748712	0.752656	0.748712
train_model_raytune_47bb2_00415	19	5.19922	0.775391	0.788632	0.775391
train_model_raytune_47bb2_00416	19	5.24025	0.772269	0.777584	0.772269
train_model_raytune_47bb2_00417	9	5.61838	0.755549	0.760442	0.755549
train_model_raytune_47bb2_00418	19	5.17573	0.774908	0.784905	0.774908
train_model_raytune_47bb2_00419	9	5.78784	0.746124	0.750681	0.746124
train_model_raytune_47bb2_00420	19	5.20222	0.772819	0.780883	0.772819
train_model_raytune_47bb2_00421	19	5.17314	0.774038	0.780763	0.774015
train_model_raytune_47bb2_00422	19	5.1448	0.780066	0.789231	0.779114
train_model_raytune_47bb2_00423	9	5.56151	0.762548	0.768571	0.762548
train_model_raytune_47bb2_00424	9	5.53196	0.758967	0.765306	0.758967
train_model_raytune_47bb2_00425	9	6.20468	0.733116	0.735799	0.733116
train_model_raytune_47bb2_00426	9	5.8131	0.752908	0.757694	0.752908
train_model_raytune_47bb2_00427	19	5.04124	0.782774	0.797081	0.781975
train_model_raytune_47bb2_00428	19	5.13852	0.776467	0.788577	0.776085
train_model_raytune_47bb2_00429	19	5.18769	0.774297	0.782547	0.774297
train_model_raytune_47bb2_00430	19	5.07692	0.778276	0.787853	0.777938
train_model_raytune_47bb2_00431	19	5.11483	0.777379	0.784908	0.776798
train_model_raytune_47bb2_00432	19	5.20833	0.773807	0.780295	0.773807
train_model_raytune_47bb2_00433	19	5.09367	0.778461	0.7885	0.778109
train_model_raytune_47bb2_00434	19	5.09309	0.77967	0.788971	0.77967
train_model_raytune_47bb2_00435	19	5.14366	0.776873	0.783805	0.776873
train_model_raytune_47bb2_00436	19	5.09764	0.778517	0.787156	0.778484
train_model_raytune_47bb2_00437	19	5.0574	0.780593	0.788525	0.780593
train_model_raytune_47bb2_00438	19	5.26738	0.772967	0.779576	0.77294
train_model_raytune_47bb2_00439	19	5.191	0.774864	0.782145	0.774864
train_model_raytune_47bb2_00440	19	5.26895	0.77319	0.778573	0.77319
train_model_raytune_47bb2_00441	9	5.58412	0.7591	0.766193	0.7591
train_model_raytune_47bb2_00442	19	5.13432	0.778026	0.787915	0.778026
train_model_raytune_47bb2_00443	9	5.81579	0.761197	0.766183	0.761197
train_model_raytune_47bb2_00444	19	5.1486	0.778049	0.785967	0.778049
train_model_raytune_47bb2_00445	19	5.26564	0.771952	0.777937	0.77185
train_model_raytune_47bb2_00446	9	5.55481	0.757817	0.76292	0.757817
train_model_raytune_47bb2_00447	9	5.53674	0.758844	0.762969	0.758844
train_model_raytune_47bb2_00448	9	5.50202	0.760826	0.767024	0.760826
train_model_raytune_47bb2_00449	9	5.50933	0.760093	0.766247	0.760093
train_model_raytune_47bb2_00450	19	5.21347	0.774445	0.782758	0.774299
train_model_raytune_47bb2_00451	9	6.02162	0.749171	0.754459	0.749171
train_model_raytune_47bb2_00452	19	5.12123	0.777642	0.784618	0.777642
train_model_raytune_47bb2_00453	19	5.18381	0.77368	0.780747	0.77368
train_model_raytune_47bb2_00454	9	5.56455	0.758223	0.763063	0.758223
train_model_raytune_47bb2_00455	9	5.60428	0.7575	0.764094	0.7575
train_model_raytune_47bb2_00456	9	5.48875	0.761243	0.767409	0.761243
train_model_raytune_47bb2_00457	9	6.83402	0.709968	0.68372	0.709968
train_model_raytune_47bb2_00458	19	5.08611	0.779849	0.787482	0.779849
train_model_raytune_47bb2_00459	9	5.76129	0.747191	0.747883	0.747191
train_model_raytune_47bb2_00460	9	5.50221	0.760832	0.764743	0.760832
train_model_raytune_47bb2_00461	19	5.17494	0.775875	0.783327	0.775875
train_model_raytune_47bb2_00462	9	5.6356	0.759982	0.766379	0.759982
train_model_raytune_47bb2_00463	19	5.28949	0.772067	0.778031	0.772067
train_model_raytune_47bb2_00464	9	5.51576	0.760851	0.768071	0.760851
train_model_raytune_47bb2_00465	9	5.45496	0.763067	0.76822	0.763067
train_model_raytune_47bb2_00466	19	5.19597	0.773255	0.781109	0.773255
train_model_raytune_47bb2_00467	19	5.14827	0.77635	0.784954	0.77635
train_model_raytune_47bb2_00468	9	5.74779	0.759032	0.764297	0.759032
train_model_raytune_47bb2_00469	19	5.09016	0.779307	0.790633	0.778957
train_model_raytune_47bb2_00470	9	5.89502	0.744825	0.748255	0.744825
train_model_raytune_47bb2_00471	9	5.66478	0.755607	0.760788	0.755607
train_model_raytune_47bb2_00472	19	5.30491	0.771245	0.779371	0.771241
train_model_raytune_47bb2_00473	9	5.53121	0.758411	0.763756	0.758411
train_model_raytune_47bb2_00474	9	5.75987	0.754359	0.759373	0.754359
train_model_raytune_47bb2_00475	9	5.74429	0.749457	0.753785	0.749457
train_model_raytune_47bb2_00476	9	5.62907	0.75439	0.76052	0.75439
train_model_raytune_47bb2_00477	9	5.40559	0.763302	0.768656	0.763302
train_model_raytune_47bb2_00478	9	5.97797	0.749673	0.756206	0.749673
train_model_raytune_47bb2_00479	9	5.81602	0.757273	0.761923	0.757273
train_model_raytune_47bb2_00480	19	5.16785	0.774397	0.780765	0.774397
train_model_raytune_47bb2_00481	9	5.64388	0.754159	0.760914	0.754159
train_model_raytune_47bb2_00482	9	5.86441	0.755211	0.76108	0.755211
train_model_raytune_47bb2_00483	19	5.18541	0.774607	0.780907	0.774607
train_model_raytune_47bb2_00484	19	5.21805	0.774013	0.783362	0.774013
train_model_raytune_47bb2_00485	9	5.67861	0.751897	0.75613	0.751897
train_model_raytune_47bb2_00486	9	11.6207	0.441871	0.443955	0.441871
train_model_raytune_47bb2_00487	19	5.21227	0.77635	0.786363	0.77635
train_model_raytune_47bb2_00488	9	5.52238	0.760291	0.765765	0.760291
train_model_raytune_47bb2_00489	9	5.62941	0.754986	0.761816	0.754986
train_model_raytune_47bb2_00490	19	5.15218	0.776216	0.783594	0.776216
train_model_raytune_47bb2_00491	19	5.22001	0.772813	0.779727	0.772813
train_model_raytune_47bb2_00492	19	4.98436	0.783999	0.796684	0.783999
train_model_raytune_47bb2_00493	9	5.62938	0.756084	0.761578	0.756084
train_model_raytune_47bb2_00494	9	5.62526	0.7541	0.758113	0.7541
train_model_raytune_47bb2_00495	19	5.21603	0.772986	0.781114	0.772809
train_model_raytune_47bb2_00496	19	5.06095	0.780041	0.789029	0.779914
train_model_raytune_47bb2_00497	9	5.72479	0.75069	0.753726	0.75069
train_model_raytune_47bb2_00498	9	5.63395	0.760712	0.765925	0.760712
train_model_raytune_47bb2_00499	9	5.51682	0.760874	0.767909	0.760874
train_model_raytune_47bb2_00500	9	5.53688	0.759428	0.763401	0.759428
train_model_raytune_47bb2_00501	19	4.94428	0.785919	0.794749	0.785366
train_model_raytune_47bb2_00502	19	5.16558	0.776487	0.783362	0.776487
train_model_raytune_47bb2_00503	9	5.85604	0.74484	0.747793	0.74484
train_model_raytune_47bb2_00504	9	8.0685	0.627135	0.611779	0.627135
train_model_raytune_47bb2_00505	9	5.48045	0.761258	0.765321	0.761258
train_model_raytune_47bb2_00506	9	5.69297	0.750966	0.753466	0.750966
train_model_raytune_47bb2_00507	9	5.47857	0.761574	0.7691	0.761574
train_model_raytune_47bb2_00508	19	5.0423	0.783192	0.795801	0.783032
train_model_raytune_47bb2_00509	9	5.75661	0.754167	0.758328	0.754167
train_model_raytune_47bb2_00510	9	5.61024	0.758363	0.765141	0.758363
train_model_raytune_47bb2_00511	9	5.48514	0.762041	0.766291	0.762041
train_model_raytune_47bb2_00512	9	5.68089	0.757881	0.762191	0.757881
train_model_raytune_47bb2_00513	9	5.66827	0.758948	0.76394	0.758948
train_model_raytune_47bb2_00514	19	5.17167	0.775422	0.782165	0.775076
train_model_raytune_47bb2_00515	9	5.68628	0.751132	0.7547	0.751132
train_model_raytune_47bb2_00516	9	5.51726	0.760347	0.766439	0.760347
train_model_raytune_47bb2_00517	19	5.06682	0.778693	0.785078	0.778693
train_model_raytune_47bb2_00518	19	5.18956	0.774532	0.782152	0.774532
train_model_raytune_47bb2_00519	19	5.28993	0.770389	0.779324	0.770389
train_model_raytune_47bb2_00520	9	5.53514	0.759225	0.764306	0.759225
train_model_raytune_47bb2_00521	19	5.1223	0.777459	0.783882	0.777459
train_model_raytune_47bb2_00522	19	5.27093	0.771212	0.779313	0.771212
train_model_raytune_47bb2_00523	19	5.14637	0.777686	0.78842	0.777686
train_model_raytune_47bb2_00524	19	5.12093	0.7771	0.785125	0.777046
train_model_raytune_47bb2_00525	19	5.20581	0.775166	0.781398	0.775166
train_model_raytune_47bb2_00526	9	5.89732	0.752408	0.756804	0.752408
train_model_raytune_47bb2_00527	9	5.56476	0.757541	0.763122	0.757541
train_model_raytune_47bb2_00528	19	5.16898	0.776952	0.783851	0.776952
train_model_raytune_47bb2_00529	19	5.16289	0.776808	0.784901	0.775554
train_model_raytune_47bb2_00530	9	5.87179	0.743356	0.746631	0.743356
train_model_raytune_47bb2_00531	9	5.62901	0.756816	0.761399	0.756816
train_model_raytune_47bb2_00532	9	5.47167	0.762416	0.767862	0.762416
train_model_raytune_47bb2_00533	9	5.45593	0.762148	0.765637	0.762148
train_model_raytune_47bb2_00534	9	5.50783	0.760324	0.763634	0.760324
train_model_raytune_47bb2_00535	9	5.81587	0.742487	0.747914	0.742487
train_model_raytune_47bb2_00536	19	5.30865	0.772577	0.782074	0.772577
train_model_raytune_47bb2_00537	19	5.09641	0.780675	0.786673	0.780675
train_model_raytune_47bb2_00538	9	5.53971	0.75819	0.763054	0.75819
train_model_raytune_47bb2_00539	19	5.19257	0.773772	0.781045	0.773772
train_model_raytune_47bb2_00540	9	5.99252	0.74721	0.750305	0.74721
train_model_raytune_47bb2_00541	19	5.10576	0.777992	0.78458	0.777992
train_model_raytune_47bb2_00542	19	5.15988	0.776291	0.784515	0.776185
train_model_raytune_47bb2_00543	9	5.8774	0.753342	0.760831	0.753342
train_model_raytune_47bb2_00544	19	5.13971	0.775837	0.784281	0.775664
train_model_raytune_47bb2_00545	19	5.13434	0.775998	0.785589	0.77587
train_model_raytune_47bb2_00546	9	5.68602	0.756862	0.762187	0.756862
train_model_raytune_47bb2_00547	9	5.4769	0.761414	0.766304	0.761414
train_model_raytune_47bb2_00548	19	5.27705	0.770749	0.779188	0.770749
train_model_raytune_47bb2_00549	19	5.10179	0.778144	0.78899	0.777763
train_model_raytune_47bb2_00550	9	5.72892	0.759267	0.764184	0.759267
train_model_raytune_47bb2_00551	19	5.28567	0.773184	0.781308	0.773184
train_model_raytune_47bb2_00552	19	5.24327	0.771546	0.780159	0.771333
train_model_raytune_47bb2_00553	9	5.74835	0.750363	0.753898	0.750363
train_model_raytune_47bb2_00554	19	5.144	0.778369	0.790583	0.778369
train_model_raytune_47bb2_00555	9	5.46791	0.761041	0.764028	0.761041
train_model_raytune_47bb2_00556	19	5.41742	0.778086	0.786176	0.778086
train_model_raytune_47bb2_00557	19	5.07742	0.777938	0.784812	0.777938
train_model_raytune_47bb2_00558	19	5.09993	0.778138	0.790779	0.777965
train_model_raytune_47bb2_00559	9	5.6416	0.754705	0.760695	0.754705
train_model_raytune_47bb2_00560	9	5.76515	0.748675	0.754594	0.748675
train_model_raytune_47bb2_00561	9	5.78517	0.762027	0.768566	0.762027
train_model_raytune_47bb2_00562	19	5.19634	0.774309	0.779877	0.774309
train_model_raytune_47bb2_00563	9	5.75749	0.748842	0.752572	0.748842
train_model_raytune_47bb2_00564	19	5.18105	0.775614	0.781228	0.775614
train_model_raytune_47bb2_00565	9	5.60634	0.757562	0.760828	0.757562
train_model_raytune_47bb2_00566	9	5.46696	0.762946	0.769393	0.762946
train_model_raytune_47bb2_00567	19	5.13509	0.777742	0.788093	0.776492
train_model_raytune_47bb2_00568	9	5.70016	0.757965	0.762843	0.757965
train_model_raytune_47bb2_00569	19	5.20532	0.773974	0.783044	0.773974
train_model_raytune_47bb2_00570	19	5.18437	0.773863	0.781628	0.773863
train_model_raytune_47bb2_00571	9	5.57231	0.758386	0.764277	0.758386
train_model_raytune_47bb2_00572	19	5.05907	0.780056	0.79013	0.780056
train_model_raytune_47bb2_00573	19	5.08981	0.779245	0.789118	0.778851
train_model_raytune_47bb2_00574	19	5.1568	0.777313	0.787901	0.777313
train_model_raytune_47bb2_00575	9	5.6558	0.759198	0.763648	0.759198
train_model_raytune_47bb2_00576	19	5.13593	0.776631	0.784739	0.776631
train_model_raytune_47bb2_00577	19	5.24894	0.772221	0.78187	0.771867
train_model_raytune_47bb2_00578	19	5.27384	0.772163	0.781483	0.772131
train_model_raytune_47bb2_00579	19	5.17996	0.775418	0.781559	0.775418
train_model_raytune_47bb2_00580	19	5.16221	0.775495	0.782981	0.775495
train_model_raytune_47bb2_00581	9	5.91602	0.746578	0.751042	0.746578
train_model_raytune_47bb2_00582	19	5.25294	0.771187	0.77812	0.771187
train_model_raytune_47bb2_00583	9	5.50987	0.761629	0.7672	0.761629
train_model_raytune_47bb2_00584	19	5.27702	0.772546	0.77847	0.772227
train_model_raytune_47bb2_00585	9	5.55398	0.758811	0.764927	0.758811
train_model_raytune_47bb2_00586	19	5.15004	0.776429	0.782503	0.776289
train_model_raytune_47bb2_00587	9	5.76984	0.748291	0.756547	0.748291
train_model_raytune_47bb2_00588	19	5.15916	0.777457	0.784732	0.777457
train_model_raytune_47bb2_00589	9	5.56351	0.757204	0.762116	0.757204
train_model_raytune_47bb2_00590	9	5.79908	0.748758	0.752913	0.748758
train_model_raytune_47bb2_00591	19	5.2471	0.772634	0.781024	0.771558
train_model_raytune_47bb2_00592	19	5.08782	0.780124	0.794112	0.779808
train_model_raytune_47bb2_00593	9	5.80737	0.747983	0.752783	0.747983
train_model_raytune_47bb2_00594	9	5.5946	0.759119	0.764865	0.759119
train_model_raytune_47bb2_00595	9	5.75615	0.756153	0.760174	0.756153
train_model_raytune_47bb2_00596	9	5.43584	0.762442	0.766407	0.762442
train_model_raytune_47bb2_00597	19	5.15233	0.776173	0.783283	0.776173
train_model_raytune_47bb2_00598	19	5.0439	0.781831	0.791455	0.781831
train_model_raytune_47bb2_00599	19	4.99442	0.782721	0.79294	0.782465
train_model_raytune_47bb2_00600	19	5.12615	0.776752	0.785931	0.776752
train_model_raytune_47bb2_00601	9	5.64143	0.753379	0.758342	0.753379
train_model_raytune_47bb2_00602	19	5.25539	0.774276	0.779071	0.774086
train_model_raytune_47bb2_00603	9	6.21473	0.741182	0.745821	0.741182
train_model_raytune_47bb2_00604	9	5.75122	0.75202	0.755219	0.75202
train_model_raytune_47bb2_00605	9	5.57985	0.756749	0.758812	0.756749
train_model_raytune_47bb2_00606	19	5.10708	0.777179	0.784053	0.777179
train_model_raytune_47bb2_00607	9	5.64907	0.752704	0.758545	0.752704
train_model_raytune_47bb2_00608	19	5.1951	0.774745	0.784514	0.774678
train_model_raytune_47bb2_00609	19	5.28948	0.770512	0.777376	0.770295
train_model_raytune_47bb2_00610	9	5.7926	0.753777	0.75857	0.753777
train_model_raytune_47bb2_00611	19	5.13552	0.776829	0.785834	0.776502
train_model_raytune_47bb2_00612	19	5.10539	0.778453	0.786753	0.778453
train_model_raytune_47bb2_00613	9	5.73025	0.74959	0.750798	0.74959
train_model_raytune_47bb2_00614	19	5.08136	0.778816	0.785587	0.778816
train_model_raytune_47bb2_00615	19	5.04433	0.78076	0.789887	0.78076
train_model_raytune_47bb2_00616	19	5.24859	0.773892	0.782946	0.773892
train_model_raytune_47bb2_00617	9	5.44584	0.762256	0.767171	0.762256
train_model_raytune_47bb2_00618	19	5.15748	0.776773	0.78775	0.776379
train_model_raytune_47bb2_00619	19	5.22266	0.772169	0.780014	0.771531
train_model_raytune_47bb2_00620	9	5.54511	0.761256	0.766064	0.761256
train_model_raytune_47bb2_00621	19	5.16772	0.774376	0.787139	0.774376
train_model_raytune_47bb2_00622	19	5.15837	0.776227	0.786938	0.776227
train_model_raytune_47bb2_00623	9	5.53282	0.762018	0.768113	0.762018
train_model_raytune_47bb2_00624	19	5.1723	0.774426	0.783604	0.774253
train_model_raytune_47bb2_00625	9	5.73593	0.756153	0.761909	0.756135
train_model_raytune_47bb2_00626	19	5.34872	0.772056	0.778129	0.772056
train_model_raytune_47bb2_00627	9	5.56131	0.757279	0.76373	0.757279
train_model_raytune_47bb2_00628	9	5.58465	0.75611	0.761319	0.755901
train_model_raytune_47bb2_00629	9	5.86171	0.747391	0.7515	0.747391
train_model_raytune_47bb2_00630	19	5.22698	0.774626	0.782629	0.773803
train_model_raytune_47bb2_00631	19	5.22061	0.77165	0.778864	0.77165
train_model_raytune_47bb2_00632	9	5.82901	0.752101	0.756676	0.752101
train_model_raytune_47bb2_00633	19	5.09349	0.778622	0.786682	0.778463
train_model_raytune_47bb2_00634	19	5.23922	0.772732	0.780237	0.772732
train_model_raytune_47bb2_00635	9	5.73556	0.751635	0.756128	0.751635
train_model_raytune_47bb2_00636	19	5.20332	0.776612	0.787028	0.775385
train_model_raytune_47bb2_00637	9	5.74229	0.751236	0.757239	0.751236
train_model_raytune_47bb2_00638	9	5.44035	0.761945	0.768469	0.761945
train_model_raytune_47bb2_00639	9	6.28672	0.743539	0.739814	0.743539
train_model_raytune_47bb2_00640	9	5.60994	0.755518	0.76205	0.755518
train_model_raytune_47bb2_00641	19	5.07075	0.779351	0.787882	0.779347
train_model_raytune_47bb2_00642	19	5.04335	0.780093	0.790256	0.780093
train_model_raytune_47bb2_00643	9	5.5156	0.758652	0.763225	0.758652
train_model_raytune_47bb2_00644	19	5.15068	0.77803	0.789446	0.777923
train_model_raytune_47bb2_00645	19	5.16731	0.778153	0.787153	0.778153
train_model_raytune_47bb2_00646	9	5.44287	0.760282	0.76888	0.760282
train_model_raytune_47bb2_00647	9	5.80228	0.747793	0.751815	0.747793
train_model_raytune_47bb2_00648	19	5.15214	0.77562	0.782609	0.77562
train_model_raytune_47bb2_00649	9	5.83215	0.756305	0.762106	0.756305
train_model_raytune_47bb2_00650	19	5.18492	0.776123	0.782151	0.775795
train_model_raytune_47bb2_00651	9	5.74497	0.748429	0.753463	0.748429
train_model_raytune_47bb2_00652	19	5.36072	0.769024	0.775673	0.768947
train_model_raytune_47bb2_00653	19	5.0082	0.78433	0.794945	0.783622
train_model_raytune_47bb2_00654	19	5.20884	0.775385	0.785108	0.775385
train_model_raytune_47bb2_00655	19	5.25928	0.770991	0.783818	0.770991
train_model_raytune_47bb2_00656	19	5.2006	0.773284	0.77942	0.773284
train_model_raytune_47bb2_00657	19	5.19714	0.778497	0.790873	0.777215
train_model_raytune_47bb2_00658	19	5.29956	0.772077	0.776865	0.772077
train_model_raytune_47bb2_00659	9	5.9568	0.745867	0.751622	0.745867
train_model_raytune_47bb2_00660	19	5.3197	0.770514	0.780183	0.769559
train_model_raytune_47bb2_00661	19	5.14706	0.776362	0.786408	0.776073
train_model_raytune_47bb2_00662	19	5.13614	0.776612	0.785133	0.776612
train_model_raytune_47bb2_00663	9	5.66176	0.755147	0.761013	0.755147
train_model_raytune_47bb2_00664	9	5.62071	0.756262	0.761585	0.756262
train_model_raytune_47bb2_00665	9	5.71517	0.750021	0.754232	0.750021
train_model_raytune_47bb2_00666	9	5.63255	0.75479	0.758432	0.75479
train_model_raytune_47bb2_00667	19	5.21878	0.774457	0.783609	0.774457
train_model_raytune_47bb2_00668	19	5.03246	0.781821	0.790609	0.781821
train_model_raytune_47bb2_00669	9	5.73935	0.751418	0.754801	0.751418
train_model_raytune_47bb2_00670	9	5.87884	0.753777	0.756703	0.753777
train_model_raytune_47bb2_00671	19	5.2332	0.772375	0.781563	0.772258
train_model_raytune_47bb2_00672	19	5.11642	0.777819	0.786177	0.777819
train_model_raytune_47bb2_00673	19	5.14292	0.779134	0.790078	0.77863
train_model_raytune_47bb2_00674	9	5.54898	0.760061	0.767492	0.760061
train_model_raytune_47bb2_00675	19	5.05768	0.779749	0.789721	0.779749
train_model_raytune_47bb2_00676	19	5.12264	0.777675	0.790597	0.776675
train_model_raytune_47bb2_00677	19	5.14314	0.777346	0.787091	0.777346
train_model_raytune_47bb2_00678	9	5.5341	0.760284	0.763911	0.760284
train_model_raytune_47bb2_00679	9	5.58531	0.758288	0.763239	0.758288
train_model_raytune_47bb2_00680	19	5.12793	0.777713	0.787782	0.777713
train_model_raytune_47bb2_00681	19	5.14193	0.777184	0.786882	0.777184
train_model_raytune_47bb2_00682	9	5.52433	0.761547	0.765021	0.761547
train_model_raytune_47bb2_00683	9	5.89876	0.753523	0.75738	0.753523
train_model_raytune_47bb2_00684	19	5.21811	0.775952	0.784104	0.774101
train_model_raytune_47bb2_00685	19	5.24602	0.775683	0.78311	0.775683
train_model_raytune_47bb2_00686	9	5.56038	0.757464	0.763903	0.757464
train_model_raytune_47bb2_00687	19	5.09737	0.7804	0.788379	0.780206
train_model_raytune_47bb2_00688	19	5.10875	0.777746	0.784842	0.777746
train_model_raytune_47bb2_00689	9	5.54625	0.755699	0.761339	0.755699
train_model_raytune_47bb2_00690	9	5.65883	0.754744	0.76027	0.754744
train_model_raytune_47bb2_00691	9	5.71953	0.751084	0.755516	0.751084
train_model_raytune_47bb2_00692	19	5.09697	0.780412	0.79184	0.779945
train_model_raytune_47bb2_00693	9	5.50582	0.762483	0.766127	0.762483
train_model_raytune_47bb2_00694	19	5.00535	0.782223	0.790546	0.782223
train_model_raytune_47bb2_00695	19	5.2284	0.772546	0.782471	0.772146
train_model_raytune_47bb2_00696	19	5.17629	0.776981	0.788297	0.776354
train_model_raytune_47bb2_00697	9	5.51784	0.759982	0.764572	0.759982
train_model_raytune_47bb2_00698	9	5.91459	0.744348	0.751581	0.744321
train_model_raytune_47bb2_00699	19	5.28359	0.775681	0.784278	0.775681
train_model_raytune_47bb2_00700	19	5.05165	0.780133	0.791126	0.780133
train_model_raytune_47bb2_00701	9	5.89796	0.742084	0.746475	0.742084
train_model_raytune_47bb2_00702	9	5.5813	0.758158	0.761451	0.758158
train_model_raytune_47bb2_00703	19	5.07903	0.780456	0.789917	0.780456
train_model_raytune_47bb2_00704	19	5.25317	0.772554	0.780574	0.772554
train_model_raytune_47bb2_00705	9	5.55336	0.758056	0.761978	0.758056
train_model_raytune_47bb2_00706	9	7.01272	0.693	0.697006	0.693
train_model_raytune_47bb2_00707	19	5.1196	0.777715	0.792911	0.777715
train_model_raytune_47bb2_00708	19	5.21141	0.776523	0.782107	0.776523
train_model_raytune_47bb2_00709	9	5.66478	0.757679	0.763277	0.757679
train_model_raytune_47bb2_00710	19	5.26021	0.774099	0.779363	0.774099
train_model_raytune_47bb2_00711	9	5.55274	0.758665	0.763175	0.758665
train_model_raytune_47bb2_00712	9	5.54305	0.760564	0.766228	0.760564
train_model_raytune_47bb2_00713	9	5.54477	0.760363	0.767594	0.760363
train_model_raytune_47bb2_00714	19	5.25875	0.771721	0.778727	0.771721
train_model_raytune_47bb2_00715	19	5.01821	0.784193	0.795261	0.784193
train_model_raytune_47bb2_00716	9	5.68141	0.756595	0.760187	0.756595
train_model_raytune_47bb2_00717	19	5.21824	0.773438	0.778976	0.773438
train_model_raytune_47bb2_00718	9	5.51246	0.759603	0.764143	0.759603
train_model_raytune_47bb2_00719	19	5.10785	0.777296	0.785782	0.777296
train_model_raytune_47bb2_00720	9	5.46162	0.761253	0.767411	0.761253
train_model_raytune_47bb2_00721	9	5.49825	0.761364	0.766612	0.761364
train_model_raytune_47bb2_00722	9	5.47178	0.760739	0.767149	0.760739
train_model_raytune_47bb2_00723	9	5.53782	0.756616	0.764978	0.756616
train_model_raytune_47bb2_00724	19	5.13427	0.776435	0.784242	0.776435
train_model_raytune_47bb2_00725	19	5.05456	0.781129	0.788879	0.781129
train_model_raytune_47bb2_00726	19	5.18126	0.77567	0.785955	0.775449
train_model_raytune_47bb2_00727	9	5.62384	0.752921	0.764929	0.752921
train_model_raytune_47bb2_00728	9	5.61218	0.755743	0.75933	0.755743
train_model_raytune_47bb2_00729	9	5.85695	0.744569	0.749196	0.744569
train_model_raytune_47bb2_00730	9	5.49327	0.759984	0.76951	0.759984
train_model_raytune_47bb2_00731	9	5.74541	0.751066	0.755919	0.751066
train_model_raytune_47bb2_00732	19	5.05981	0.780696	0.788363	0.778982
train_model_raytune_47bb2_00733	9	5.48612	0.762506	0.767836	0.762506
train_model_raytune_47bb2_00734	19	4.98587	0.784941	0.79887	0.784941
train_model_raytune_47bb2_00735	9	5.44263	0.761691	0.766468	0.761691
train_model_raytune_47bb2_00736	9	6.0355	0.737211	0.740281	0.737211
train_model_raytune_47bb2_00737	9	5.57653	0.75717	0.764402	0.75717
train_model_raytune_47bb2_00738	19	5.14339	0.777088	0.784748	0.776633
train_model_raytune_47bb2_00739	9	5.8812	0.751264	0.755408	0.751264
train_model_raytune_47bb2_00740	9	5.65839	0.753744	0.758686	0.753744
train_model_raytune_47bb2_00741	19	5.03552	0.781254	0.793846	0.781254
train_model_raytune_47bb2_00742	9	5.49063	0.76185	0.76667	0.76185
train_model_raytune_47bb2_00743	9	5.6445	0.759849	0.762699	0.759849
train_model_raytune_47bb2_00744	19	5.24971	0.775852	0.784713	0.775852
train_model_raytune_47bb2_00745	9	5.73411	0.752921	0.750853	0.752921
train_model_raytune_47bb2_00746	9	5.47653	0.761729	0.767015	0.761729
train_model_raytune_47bb2_00747	19	5.34597	0.775043	0.783014	0.775043
train_model_raytune_47bb2_00748	19	5.08304	0.779389	0.789997	0.779389
train_model_raytune_47bb2_00749	19	5.1498	0.778361	0.784041	0.778361
train_model_raytune_47bb2_00750	19	5.16198	0.778966	0.790336	0.778966
train_model_raytune_47bb2_00751	9	5.79262	0.746478	0.74951	0.746478
train_model_raytune_47bb2_00752	9	5.42394	0.762977	0.770854	0.762977
train_model_raytune_47bb2_00753	19	5.0193	0.783065	0.788256	0.783065
train_model_raytune_47bb2_00754	9	5.6069	0.754765	0.758369	0.754765
train_model_raytune_47bb2_00755	9	5.63709	0.761462	0.767234	0.761462
train_model_raytune_47bb2_00756	19	5.04658	0.780875	0.787118	0.780875
train_model_raytune_47bb2_00757	9	5.64143	0.75913	0.764897	0.75913
train_model_raytune_47bb2_00758	9	5.98824	0.739046	0.742147	0.739046
train_model_raytune_47bb2_00759	19	5.07551	0.782734	0.790353	0.782734
train_model_raytune_47bb2_00760	9	7.27957	0.711031	0.706147	0.711031
train_model_raytune_47bb2_00761	9	5.54212	0.759828	0.767511	0.759828
train_model_raytune_47bb2_00762	9	6.31213	0.751445	0.755799	0.751445
train_model_raytune_47bb2_00763	19	5.12721	0.778709	0.79258	0.778709
train_model_raytune_47bb2_00764	9	5.9768	0.742393	0.745315	0.742393
train_model_raytune_47bb2_00765	9	5.90852	0.742954	0.747357	0.742954
train_model_raytune_47bb2_00766	19	5.20705	0.775602	0.783967	0.775602
train_model_raytune_47bb2_00767	9	6.34986	0.731596	0.733734	0.731596
train_model_raytune_47bb2_00768	19	5.14714	0.777152	0.785576	0.777138
train_model_raytune_47bb2_00769	19	5.15409	0.779274	0.789572	0.779205
train_model_raytune_47bb2_00770	19	5.04153	0.781212	0.789998	0.781212
train_model_raytune_47bb2_00771	9	5.61955	0.754217	0.761285	0.754217
train_model_raytune_47bb2_00772	19	5.04878	0.782004	0.794178	0.782004
train_model_raytune_47bb2_00773	9	5.58383	0.754367	0.761315	0.754367
train_model_raytune_47bb2_00774	9	5.69517	0.751749	0.757177	0.751749
train_model_raytune_47bb2_00775	19	5.00935	0.783069	0.790533	0.783069
train_model_raytune_47bb2_00776	9	5.82672	0.760318	0.76481	0.760318
train_model_raytune_47bb2_00777	9	6.7683	0.710608	0.693859	0.710608
train_model_raytune_47bb2_00778	9	5.56686	0.758596	0.762596	0.758596
train_model_raytune_47bb2_00779	19	5.05147	0.78006	0.791491	0.78006
train_model_raytune_47bb2_00780	9	5.92091	0.743187	0.748733	0.743187
train_model_raytune_47bb2_00781	9	5.45929	0.761764	0.767833	0.761764
train_model_raytune_47bb2_00782	9	5.65279	0.75641	0.761118	0.75641
train_model_raytune_47bb2_00783	9	5.66668	0.754578	0.759775	0.754578
train_model_raytune_47bb2_00784	9	5.65088	0.759945	0.766081	0.759945
train_model_raytune_47bb2_00785	9	5.71154	0.754067	0.757796	0.754067
train_model_raytune_47bb2_00786	9	5.72077	0.755399	0.75882	0.755399
train_model_raytune_47bb2_00787	9	5.86773	0.751428	0.755256	0.751428
train_model_raytune_47bb2_00788	9	5.94013	0.745682	0.751415	0.745682
train_model_raytune_47bb2_00789	19	5.03648	0.782849	0.791902	0.782842
train_model_raytune_47bb2_00790	9	5.53403	0.760253	0.766913	0.760253
train_model_raytune_47bb2_00791	9	5.4612	0.761627	0.767654	0.761627
train_model_raytune_47bb2_00792	19	5.1636	0.777296	0.787003	0.775906
train_model_raytune_47bb2_00793	9	5.57471	0.76206	0.766285	0.76206
train_model_raytune_47bb2_00794	9	6.00312	0.739846	0.741892	0.739846
train_model_raytune_47bb2_00795	9	5.49231	0.760705	0.768141	0.760705
train_model_raytune_47bb2_00796	19	5.26629	0.771942	0.781887	0.771942
train_model_raytune_47bb2_00797	9	5.49713	0.761527	0.768206	0.761527
train_model_raytune_47bb2_00798	19	5.21162	0.773663	0.783153	0.773663
train_model_raytune_47bb2_00799	19	5.14572	0.776735	0.782729	0.776389
